185
9684
4290
8206
7834
812
7014
4678
5979
7323
4245
3158
4355
1904
5181
4101
2672
546
4258
6603
9094
5318
4176
7
3700
8477
9966
8158
4215
9629
2800
710
7324
6260
5049
3065
6647
1413
2009
5929
7279
9473
8165
6880
7827
6664
9522
2826
4592
1825
2370
9140
1143
5439
4697
8432
3007
1717
2618
532
4735
6614
8658
5775
9584
600
6391
8271
97
6556
4853
7675
8017
3857
7969
4375
4590
5137
7780
6027
4905
739
403
3005
5914
3174
8928
7351
7573
3499
1051
9350
9220
5692
5054
88
4997
2524
5973
8000
8957
5575
5254
4478
4094
1341
6338
7044
965
6787
4801
184
888
8709
4323
9171
294
8970
4967
6413
8260
9827
1019
9616
7466
9682
2482
4679
4572
7060
6214
4236
6286
6225
1667
6920
7021
6354
3253
7841
4352
2312
6990
8494
5573
6346
7765
5879
7361
9116
9462
3938
5388
2812
5884
4580
9314
545
6978
4215
3738
1797
492
2318
4261
3106
7952
5543
7584
8745
3261
3895
7922
8592
8732
8133
3869
1474
6788
9855
5563
4635
6353
2786
4898
8925
4542
8700
9747
9416
9147
9027
7552
5073
4537
2414
7941
8361
5973
5950
1991
725
4092
6904
9397
4648
5859
409
5110
1141
6389
8068
8885
4968
7816
7844
4056
3368
3231
101
1322
6415
8129
7011
6415
8636
1885
3932
6211
3244
4499
7657
237
4510
4933
4948
557
7638
3640
9669
40
3472
4408
2732
6487
5683
7770
2426
8268
6062
165
8261
5069
8111
5726
8664
6691
3573
8243
7903
207
7027
2585
48
2603
456
557
5574
5698
9837
7252
5017
3613
2559
9994
7185
6249
4055
5672
3244
637
9239
7924
1988
5135
4884
7110
9592
6371
8499
593
2430
6389
1803
5436
1664
8720
9650
5286
6073
7188
6764
3885
7737
3816
1975
603
604
5682
4161
8175
1000
816
8716
1653
5020
6428
2627
8114
8364
1078
4685
8461
2669
8203
9485
5349
4842
8683
6044
7451
5063
1742
2684
3289
8063
9922
7480
5167
1883
169
40
5017
8723
7286
7418
928
2617
7022
3565
1725
4222
3613
5306
250
627
6037
2435
5407
6108
6209
3586
4143
2925
202
4432
6285
8193
6558
7448
5343
7126
7252
8063
1683
3175
1142
7790
366
8834
9108
2829
2357
1131
9331
7864
8852
3467
631
8757
1046
1959
4662
569
9472
5574
1584
1540
786
3892
1957
6895
5337
3584
3074
2603
6622
9978
2036
4944
6037
8277
9783
1550
5681
6354
1336
2609
3265
5390
5514
9857
2476
6570
1279
4840
9632
8282
3649
8535
355
1706
7994
2532
7287
7763
1163
5991
9150
5630
4686
9714
1381
8211
3406
2250
2586
6645
1168
6890
357
139
6773
9890
3073
7087
7904
7493
5656
1298
7913
3628
7860
3947
2331
2305
8233
8200
4380
6304
9849
7781
6468
3426
4506
4920
9522
6962
3372
2589
5879
33
3148
1595
7636
9313
7351
5853
8066
9908
6778
8884
7635
8055
3691
5791
3476
87
4543
8925
9151
5177
5742
7660
7606
3347
4162
8732
8796
9278
8707
9808
5586
526
3888
1229
2556
3415
2590
1997
7713
1345
4243
4890
7685
8945
9697
8070
5277
3342
743
2091
9026
4264
8255
3237
6678
2264
2591
5922
2862
361
5577
7121
8110
5657
623
4970
8462
7634
8423
477
3588
4003
2825
3616
3645
2574
6940
8982
8741
1302
2421
8735
3243
7646
2815
6532
5223
1680
6230
7536
6183
8809
74
9653
8103
6862
9404
7668
7829
1979
5947
1762
7610
1623
2763
5730
8705
396
6480
9188
1566
7417
9781
4327
1101
8655
2648
5533
5485
5882
8131
4674
6812
7020
2347
8907
9390
7082
8172
1343
8202
7687
2609
2580
8651
6936
3777
3126
9901
600
6631
7066
1932
2609
8819
5576
2551
4214
6962
1865
2798
6743
1967
8530
8598
8907
1848
428
9107
5434
3820
6571
5039
5198
6461
927
8168
6184
6365
2259
3884
252
6046
6654
8853
14
7642
5853
5738
2159
7141
4394
2267
5959
5120
8921
9826
775
6285
880
3262
1302
5450
1883
8307
9600
8045
6639
958
5146
2138
7732
6187
3541
9471
1557
7318
1335
78
5757
925
8424
3045
7508
3613
2797
2144
6117
2304
1472
4403
1866
3619
4187
8849
5128
8128
5750
5075
5780
4077
245
6985
2288
7549
3530
4188
2808
2815
9741
7612
4225
7941
1227
2714
891
3254
9307
1909
134
4602
2230
2089
5490
2219
7485
7346
2022
4020
6993
2490
3867
1301
7950
9517
1947
8973
2726
1796
9614
6958
2724
427
3836
7355
1759
7918
9580
4937
4316
2951
1370
6086
6923
5500
4860
2374
1774
250
7791
1728
3568
276
1149
6061
8293
6754
1246
7218
8133
3930
9084
9273
6369
6329
4422
9098
4738
3833
2826
7027
7694
4349
5470
7477
5896
4966
151
3266
8312
3517
3468
1615
3121
8013
8604
8218
5849
9728
7103
540
4177
8792
678
9804
2479
7017
6937
6957
2460
3968
6781
6871
224
418
1377
8136
2103
2536
3145
3003
7018
1976
6508
2243
2949
9878
6841
445
386
5602
6781
4073
5302
1599
8067
7187
4482
7430
3849
7737
5899
4326
8306
8548
1366
3296
7825
2100
5719
9380
5777
3417
8808
1220
7613
4121
8828
8861
5448
7157
2451
7445
5597
227
7870
6815
2195
758
7548
939
4396
6370
634
6010
8467
7265
4426
9372
6479
3689
1498
3844
4870
7296
1
9604
5302
7346
70
8108
3241
588
9822
6285
8059
2865
6948
6819
315
2856
8859
4365
5038
3099
2295
1020
2829
955
6637
2963
2913
9388
2431
8621
9094
9556
9678
7900
2548
3260
3859
5693
9061
5213
3853
9881
1925
4921
3261
1490
4661
7216
1472
9338
7926
3239
1759
8856
3920
9012
9650
1004
4153
3121
2580
6247
6613
9215
3765
1558
567
5926
4455
6471
6621
521
500
5820
2886
2208
1299
7659
8113
8617
9117
3425
8532
356
4673
9329
5344
3357
4495
3489
892
5268
221
6294
2588
1611
670
5754
4464
3779
8770
9488
3679
2419
8864
5236
1681
676
9635
3898
9206
4617
8939
6581
6595
9556
953
5737
3238
3551
9710
6915
3412
7679
1363
6272
7586
1369
9179
9051
8926
5552
6818
4755
6060
949
2464
1107
8269
7021
8365
3299
934
9100
4224
1792
7743
100
1175
2338
7192
6769
7439
7202
9430
848
1928
752
5165
7484
5343
7667
8253
6478
9395
7448
7795
2079
4493
4145
5623
9766
2698
4315
246
4212
84
2265
6007
7418
2214
9672
3129
1360
8980
2324
4185
3385
6370
7575
1001
157
724
7964
8827
9929
2501
9059
4558
9122
4138
8521
1567
7794
1315
9575
9783
9613
4664
1138
7810
7463
1091
5172
4972
4265
1167
5417
3171
5982
9042
5595
2865
7510
9355
2343
7809
2602
7188
7323
6628
4294
3158
3163
9543
8676
7482
8526
9555
7484
7877
5890
9512
7246
2969
811
3045
9145
7353
9265
5535
4440
9996
7690
181
4053
3119
3456
5682
3451
1826
3421
5302
2768
4218
8440
8448
823
3552
7019
3876
3938
6299
5237
3825
2937
6061
9850
3130
8851
3809
6998
505
4492
5758
7504
5748
7726
9691
2729
6832
3468
186
9622
7640
3146
1326
977
7403
7871
5704
3046
430
5438
2301
4386
2297
1648
9481
5895
5139
2739
6757
8896
7462
6387
4964
3818
7032
8892
2157
5170
4558
1000
5117
4759
9536
5109
9716
8331
213
5942
7201
163
7705
194
9770
5718
3665
6294
1262
4789
2509
9355
7355
8389
4818
9637
5418
7803
5391
6432
7953
4663
4853
1113
8829
9009
6010
9712
7337
6759
9446
2342
1126
9785
382
7381
8316
1120
2211
6273
9387
9652
3874
9705
9668
9647
6101
7572
7618
8895
8317
283
279
5891
5876
8737
3134
8605
3910
819
3261
1334
4081
8227
3118
108
4418
6427
4078
6087
1146
2987
4329
7531
8149
3391
9658
6899
7511
4060
8005
9448
8041
9911
4916
3672
6698
1341
752
8770
9750
4239
4398
7083
617
7129
1477
6460
8721
1491
5536
4944
3467
9004
1307
1838
4056
2524
4113
4394
7946
6840
8571
6353
6370
4855
3147
6992
841
8999
2057
444
9544
9497
2572
9609
2169
5883
9031
6034
3083
6028
9422
4526
8610
3754
3056
3524
3859
5714
7179
1312
6746
7637
4352
5778
1
6022
614
8865
775
4956
8749
3025
7398
4494
8813
4200
4045
4542
438
3215
5551
6831
3444
915
9672
5205
9643
781
2750
3675
1331
3380
5999
5987
6334
2194
8292
3016
5512
6457
4371
8462
9421
5812
1218
5599
5927
5724
8234
2680
5451
8179
6104
299
7018
4273
8657
7698
6870
653
6882
4335
3067
1906
7457
9283
464
7254
1461
6450
8352
6627
8889
1075
987
1654
7840
9278
3713
5449
2609
7195
9128
3123
4411
464
4336
4331
6287
3842
3792
661
3362
7526
2872
6811
8212
1549
6857
554
8476
8298
7109
8864
2465
2716
4131
1715
8802
335
8907
3232
8523
4472
2086
1186
4861
6434
8929
4922
3105
8288
8269
8988
5549
9794
9297
8442
5254
4548
3889
8876
5078
5399
4382
8767
9487
6492
4318
5659
7925
8104
7724
3568
1345
5659
7384
1446
258
6750
4212
4844
1015
3654
7933
6161
2122
419
9547
3053
9228
5912
7446
3771
591
4451
9817
6650
2649
203
5951
9061
3890
8735
8283
1882
5584
8506
2463
7097
9354
8442
3252
7541
3730
5475
297
6977
5051
649
8296
9059
1913
2769
7967
6591
4933
4787
5141
5408
9721
5444
6401
4117
8784
2314
4413
9432
2555
4411
9168
4193
1750
763
1052
4220
4966
3925
7101
2635
9618
3852
2701
8190
7694
9929
7016
8845
932
74
5172
550
761
7572
5791
8913
1818
6534
7316
9127
5726
1925
5504
9417
5752
8086
512
5251
3778
9082
8508
3803
8858
3486
5080
2493
2414
6682
7045
6974
3353
1425
2203
7642
3601
4869
2393
8067
9829
3444
7214
7041
1850
9506
7187
1354
8383
6620
9275
6603
7361
8843
5508
3701
917
2008
136
3628
9512
3028
3680
6339
242
5856
8962
714
4262
365
4933
1522
960
3406
2231
5221
9901
451
3795
4747
6755
3026
986
1257
359
4037
1141
1291
4751
4504
1423
4407
9090
7120
4631
8998
5252
1137
3463
2322
8542
9186
3044
5843
449
5523
4551
6619
7678
8140
8867
6682
3539
1533
6513
7563
8496
627
3011
3639
8345
3525
3030
979
2896
3004
468
5284
5579
7249
4869
39
6212
1948
1721
6881
3461
8792
8675
2492
5405
5152
4733
6143
871
3446
7648
1297
6892
3070
9272
1780
3300
5679
3650
4529
2524
5256
7464
1253
5535
132
8398
2906
3139
5940
7808
6815
2210
6711
8534
783
2894
8254
4361
5249
256
3884
6525
7450
9293
3711
3894
5730
9961
5754
2852
8047
3841
7568
9404
9585
2451
8705
7937
2502
8645
6889
6501
5743
7299
466
4937
4047
3745
2221
5987
1956
5694
6345
3844
2617
5816
7512
8938
6540
4628
9624
6794
3101
4940
4088
4502
555
6915
6019
3667
2014
9564
6101
9376
4185
7224
6080
7987
8826
8903
6796
2222
6492
7480
8066
3403
8145
802
7553
6704
9687
6399
8360
7177
1196
4202
4296
5636
676
8030
1593
3887
4218
8560
2438
3688
9566
6292
2788
3785
1304
8037
8218
5803
4673
9147
1170
269
8320
5334
449
289
2079
3502
3218
2827
8255
6753
3425
8903
7853
1466
2455
5424
7930
9187
4787
7126
8936
1038
6226
9336
529
8425
1844
6137
6637
867
9965
4724
4276
688
2385
9384
3639
5602
6332
7870
7085
8467
2113
7384
8006
2508
8918
5203
9516
8669
4808
6167
4416
9973
7550
41
4399
9110
5890
1664
2870
7295
7894
1098
9714
8615
973
2614
8207
3665
4510
603
3124
4475
7879
8286
7823
3467
3582
4730
4619
4683
1761
3625
5429
9860
1972
8965
1530
9466
4795
9532
3083
1941
82
5901
8319
4691
3969
5862
5043
8700
643
2142
431
9894
280
8043
9631
8094
7319
6429
1826
5298
292
5915
4927
9518
5101
4514
308
8261
3508
1225
2360
692
9197
436
549
5990
7906
4540
2695
5009
5175
950
5054
3919
1870
456
7649
1968
7967
7897
3463
4894
6951
8126
1277
4880
888
1594
9814
639
2613
2783
420
46
6813
7573
4431
4078
6454
8465
8418
1774
7603
5516
1518
4079
3609
2142
7670
8973
1090
4983
5564
2135
4676
2609
1329
4917
4918
9768
3906
287
8665
1215
340
5834
9748
4338
4898
6001
1343
1913
7348
2658
7066
9088
6854
2060
2992
1254
8885
6572
8846
4232
7273
797
3000
8989
9186
1043
3269
1786
8611
8922
7121
785
9902
1385
4086
8711
169
6011
4295
2029
9175
9758
2977
222
2278
7425
8822
3596
906
4324
2669
1858
9565
1080
8425
233
1299
1089
7514
4891
9485
3715
6337
4539
1034
6985
4815
9398
6415
8053
2542
5051
9853
4524
142
6416
9690
1681
780
6627
8971
6740
8358
506
9734
8715
4824
6190
6421
9584
9576
8594
4060
3936
5559
1831
5643
6255
8509
7448
3717
674
3893
1686
9260
9269
7210
8017
651
2200
3996
3145
6308
6556
9095
3250
1180
8736
4267
61
6998
6012
734
6480
77
7841
4710
6694
1302
16
9679
4302
7323
8873
8071
7698
3791
6657
4476
3408
3775
4310
3504
647
1567
6334
4315
1461
8153
994
6261
5565
1096
3395
2121
1940
444
1390
8478
8227
6366
3445
8309
7487
7339
1641
2659
2113
6628
8730
3045
6074
6822
5957
9510
5370
9340
5612
7760
2903
3919
7570
6899
6889
1220
7335
4816
9019
2349
6357
9641
4718
2389
1735
2227
2480
8400
373
9477
7211
1018
8803
3612
8819
4930
9710
681
1836
4056
9119
7194
2981
1202
1909
2184
9709
9738
9955
7063
152
4884
454
128
1357
1245
4326
8946
8822
8901
8750
2937
1420
6994
7772
8556
308
1780
2670
1560
3283
1526
7928
9643
1839
3622
1884
8120
388
1934
220
6025
2042
5805
1831
7353
1028
5248
6858
5068
4998
9504
9547
2876
5298
7038
9499
172
3042
3538
1881
5112
7781
2044
114
3372
1136
8815
4951
7788
2799
9462
1862
8587
2879
7468
1177
360
6755
3216
9317
915
9731
4485
8857
8791
5006
310
8036
2752
938
1258
3005
3178
5115
3646
7850
1141
9880
5340
851
3214
8434
1162
8925
641
600
7722
2648
1917
872
8995
2691
7325
8030
5156
9013
2897
703
2396
9894
5839
9297
2607
2700
5296
7750
500
1272
4609
8351
1322
3479
5220
3775
8854
3987
492
6992
3539
9030
27
307
3410
3697
2951
8091
3241
9188
9408
522
8226
2194
1158
3945
1770
7189
1055
4803
1720
8513
6664
2741
3393
2233
6572
5258
3918
8026
9978
541
9330
7934
4661
3407
3613
4067
8735
2723
7659
4338
4710
7293
1685
7585
939
1545
1943
568
1733
4232
276
2951
3840
3885
1904
7062
9521
8605
2051
7594
3418
7796
3819
686
2682
7421
6867
459
1301
1315
3110
515
9469
2166
4448
466
6133
1048
3076
7717
8998
9861
6208
5278
7420
8606
5190
3234
8533
7804
7016
6335
8767
6159
7919
9452
286
437
5794
8862
7398
6639
6477
1847
1316
8527
7482
2201
4506
703
3325
9214
4570
9287
8489
5008
5023
660
4555
6979
3954
2711
8123
6761
5844
2209
511
6882
4407
7798
312
4240
6297
178
6703
6881
843
530
6012
6859
8938
8813
9273
6179
6346
6228
6649
4402
8195
1601
3622
8814
2188
758
2089
72
7012
9613
1602
3717
6760
7803
2954
9756
9977
1416
6675
42
9219
7374
6281
1504
3702
8195
5496
6600
7572
8432
1762
5650
3155
765
2979
9067
4634
8160
9145
3417
4038
9624
2341
6523
5550
8558
6354
2859
8141
6730
1054
952
4432
7552
3769
1433
3699
7465
8098
7425
1357
6338
1994
7866
9774
3094
2152
4910
9531
3821
9985
9454
1463
4645
7826
848
4735
4272
6698
3285
3408
1789
1794
2550
2420
4232
432
8586
983
772
4537
8801
4760
5169
8369
1154
1423
1514
2483
8801
2601
3778
8204
4116
5466
9917
9617
6637
3554
9525
5808
7664
4908
308
8465
7769
4666
8357
295
1941
6588
9940
6116
1099
7395
4961
3759
2356
6611
9346
394
4689
874
6679
8806
8016
6830
9783
2425
9196
629
8572
4321
2619
972
3957
3392
5701
7157
8403
59
1663
6661
4847
1877
4507
3572
3427
7015
7663
6937
3677
3323
4559
2188
5371
1246
7944
6968
9567
343
7413
6532
849
2482
6268
2254
4075
3578
5163
462
8952
5009
1670
9156
3171
2769
3605
2138
6487
7726
968
6047
4680
2912
4669
8441
2606
3134
5285
7673
5233
4078
6453
7210
1889
9241
2878
2615
7609
5045
1038
3085
5730
7199
191
1981
7577
703
3759
218
1169
8744
7208
8766
2257
2896
925
6434
7095
6928
5048
543
9859
8458
3095
9783
4551
413
3847
46
3202
2920
6051
2016
6300
2564
6945
3554
1714
6770
3249
3303
7499
2997
6503
1665
4274
2058
4702
6421
6139
1309
6281
2257
9832
1775
2794
1094
2157
1260
2751
743
4736
4526
6169
9202
7542
5632
1810
682
5508
9492
8478
8943
242
6700
853
1700
4960
4712
121
7761
4143
4412
2179
1969
5103
7734
3996
8201
8180
5057
834
5879
6810
8961
2417
5582
2189
1351
7087
4
8640
5186
3546
9339
7136
2796
7349
2727
7819
6104
9408
1390
2607
3680
5614
3032
54
1735
9168
6024
5369
2909
3856
1908
9389
1341
7553
7058
9275
9547
1326
2664
3465
773
2538
6199
6636
5940
1926
8085
6092
9191
8926
8553
8021
661
8306
1522
3243
1150
4242
4066
9851
9215
850
8911
5997
3882
8204
5289
9408
5981
5520
1297
6240
6041
6716
5005
252
3439
5993
5862
5596
8915
7695
3909
7089
8694
6515
239
9892
443
9851
8332
6992
6969
4199
8549
6422
3270
4386
9703
3720
6813
3780
5725
3620
2121
1385
3596
9660
7883
4256
7856
8181
2400
7401
3659
3651
1336
8070
673
9065
1320
428
2990
7118
1866
560
6249
9443
162
399
5448
1627
4975
2893
421
750
9328
4916
4699
5783
8428
2749
3746
5306
4958
3729
1658
4849
8335
6578
6403
9640
6744
9184
4485
4278
5458
2065
6474
7913
3674
5754
4311
2094
9008
150
1389
9607
6668
86
3793
3076
1914
2194
3817
7279
2295
8970
9812
6869
6599
5244
4046
1901
8948
7228
2717
6361
4687
6253
9093
8617
4472
1879
6518
3528
2702
7741
8778
4051
4599
5320
4194
8544
1631
2648
6632
7322
2804
6626
2798
3796
9766
9729
8435
9655
9089
4603
3498
4130
5301
8586
876
3670
4273
1338
3419
4338
1213
1742
5670
4212
4501
7287
8350
1953
7868
2674
5186
2234
4148
8157
3044
6349
5993
3502
65
4158
1174
6004
3604
3285
5310
8481
4152
8717
3748
530
1189
3699
8149
2604
8153
5804
7525
2416
1360
6267
848
2606
3250
1717
132
5053
2168
4115
8595
6465
3228
5392
6494
3095
9922
7051
6391
9528
8266
2837
6358
4596
9652
2208
9541
3476
7449
3349
3853
2457
8279
7710
1200
8739
4742
7755
8512
2730
1052
4207
2908
3606
1938
2229
1230
3147
7671
2122
3229
454
6003
1955
4723
376
1869
1055
223
2190
430
5271
9597
5446
8141
2423
7088
3147
6040
9757
7077
7651
2393
8892
7274
3648
8645
5190
9636
9868
9075
2565
5969
688
1740
2437
3399
5400
1009
2567
4116
2687
6878
9243
7717
1941
1792
1932
2693
9310
4627
9446
1695
4456
9809
4041
4189
6774
7124
6551
9843
3246
4980
8207
7074
232
8898
3304
8451
5824
3138
5324
2587
5767
641
9919
3179
7833
827
443
9828
4347
6403
5785
1707
5533
4136
2191
8411
5457
5679
3851
8847
9178
8211
9410
2435
9596
7732
1791
2684
2011
6788
8102
944
9851
7942
2434
2246
4845
4964
2270
6952
3928
4203
7299
8056
7631
5030
6648
3344
7165
333
7197
7714
8261
8845
3957
7768
4421
942
3805
7862
8442
7299
6816
2565
3762
3043
8673
4777
7163
882
4334
8496
3329
2421
7416
6805
273
7874
3481
8704
2281
2773
4938
7194
1478
5350
9641
3673
4827
7392
1855
7672
8507
6812
8142
7476
1996
2205
901
5764
1911
6284
6417
5402
7726
9018
9316
4076
8065
5766
6253
4123
689
5949
5002
4144
8647
83
2360
4936
7196
5112
4792
2097
4003
9944
6468
701
5054
7772
5945
8718
5918
9042
710
2708
3667
9677
9864
4390
5993
5424
1322
1623
9108
7230
2063
1421
5885
1898
2860
5937
999
9157
1506
6112
4995
7494
8799
6040
1191
2064
1795
8999
6134
768
5636
5745
456
9919
6637
963
1902
4663
5511
9855
4442
2147
2586
7466
9466
735
2289
9999
3551
4638
2478
7938
5294
8738
1840
7184
7852
8849
8485
6219
3436
6667
7903
4149
6969
5573
978
6255
6644
5866
1006
3543
9555
2917
4478
161
8015
9689
9665
222
3658
7934
5869
6794
8934
8789
3656
9170
5049
7834
1055
5271
7023
1202
6763
1934
1465
3828
574
7684
640
7856
2587
7881
3104
2791
3669
6010
5151
7507
1056
6440
5268
3368
7509
218
1125
2969
2260
8269
7131
6403
4529
8305
740
7977
1070
8776
192
2451
9642
6693
4200
5505
7653
421
7294
4509
8072
5545
5345
8168
959
4271
3542
4506
5657
1150
3016
152
9988
5521
721
5830
9899
462
7364
4023
5787
4855
6534
1312
5131
7183
3687
784
6444
5920
6355
9377
3110
7881
6775
6694
5763
9827
1806
2833
5284
2481
2094
1949
8111
9364
3729
9298
66
7686
9442
8627
3207
7788
7998
3545
8912
1715
2939
1840
3603
8068
4012
8273
6026
6217
891
8509
3435
350
6416
5950
9020
3328
2190
4384
434
1187
6196
732
8782
7786
3736
8420
9151
5100
60
8342
8473
5414
9723
7212
7487
5661
8513
4895
8590
7938
5491
5817
3762
1961
1905
7742
49
4762
1214
1734
1555
4591
2558
900
2867
358
9679
2106
8780
2888
5618
8406
2097
354
2360
56
8134
5437
9087
6805
8281
8257
9538
3365
2675
8314
8337
2447
8126
7859
2042
4686
9109
8951
5802
9507
3309
8395
6246
2145
2501
5510
3280
7456
9475
5399
8361
6220
9490
8408
1406
3041
3240
4537
5323
3794
1745
2915
813
2397
678
9020
740
6960
2328
7023
2613
1321
1822
4258
3137
6230
553
7503
7140
816
8227
6889
4402
7498
3401
706
1914
9934
7196
8394
5198
3464
5824
1231
9973
4311
8672
2052
995
6004
4230
136
5446
9444
5074
8154
9574
1715
4273
8645
6797
6035
7998
5308
2197
1736
7091
1254
9921
7376
7609
8960
617
2765
5894
3352
6165
3730
6751
2102
5134
4711
2762
9882
4375
2418
3460
2118
175
3896
3512
7277
2850
8966
8524
6318
2964
5691
3814
4294
9511
246
7259
2621
3611
3184
3044
1084
6128
1720
3145
5010
6057
7254
7969
3152
9769
3486
7117
4046
7097
9123
6920
3584
5463
782
2157
9133
2998
7610
3706
2809
9241
5498
4807
9331
6432
1883
2622
9271
3518
4346
4910
9166
2424
8316
8875
3435
23
7827
6451
2219
7021
1075
1335
5966
3087
1241
756
321
7216
2045
1936
8965
5416
8061
7615
9250
4727
2959
608
4173
5248
1578
9655
3864
9914
9425
1958
4397
9014
9277
9405
5005
8120
3480
1697
7075
1083
5399
500
6348
618
5398
7247
5655
8042
6631
8429
9573
3207
9380
9771
2198
1556
5734
9636
3631
6940
5601
5574
5989
1334
2953
4082
9425
6802
7073
5359
9211
9989
7403
3619
1173
3083
9970
7929
5388
3697
1473
963
4354
3373
7505
5629
5561
3920
100
8122
6454
1002
2578
3150
6964
3248
2458
2033
5728
7000
1244
3553
8141
1165
7818
4868
1762
3819
6790
3438
8059
563
8289
5205
3847
6520
4496
1556
7682
9923
9357
4716
5360
481
7527
6455
840
68
3181
5674
4452
198
9228
5578
4807
947
9983
128
7962
1528
4429
3306
7737
8433
8748
4317
9908
1019
5841
6335
9389
7179
5754
4034
3734
3752
4404
2127
9500
8146
9991
9110
7751
3611
562
1361
4398
8232
9339
3863
8819
8615
5806
8994
9659
981
9026
9527
6868
5081
8167
9561
111
6071
9298
8095
3240
6611
391
174
1438
3313
7155
9267
7569
328
2038
2581
5094
1515
9575
9677
8437
5013
1143
8437
4220
403
2826
1647
1511
9246
9904
7062
8222
3402
5192
8548
627
2030
1572
1180
9571
3513
1448
2977
4414
8912
3350
5541
1408
9768
3308
4002
3384
8607
3066
3091
7354
4992
7728
2787
5639
4258
917
166
935
5687
3347
7617
7141
8611
9566
6186
3284
7598
1034
4156
9220
3232
4290
4451
1951
695
413
3536
5716
113
1291
3577
7017
5681
2129
2131
169
3570
2339
5866
7827
3459
81
717
945
6327
3882
685
1105
215
8052
4553
6212
467
8931
2521
1858
3858
4540
2283
2766
5552
2335
1508
2421
3801
5464
7271
8636
90
5567
8563
6391
6458
7712
7871
3535
1679
796
9981
1282
7394
3079
627
9017
6414
7915
7818
5418
3113
2839
9233
474
5512
9802
7873
1529
7755
8979
7953
6580
8117
6151
1542
9651
4280
5579
7836
4845
4983
815
8481
5035
5135
1054
5455
8751
2184
6262
492
2413
7370
8369
434
2036
7153
6680
8902
6051
7090
1533
5438
4191
5469
1876
6503
3363
2831
153
8102
3997
4758
833
2547
7615
589
1776
2826
5942
1848
9078
7733
1341
9136
1224
5285
5054
3643
968
3466
6669
4311
5419
8435
6915
4260
4728
3509
7133
2772
3998
8698
7381
4509
967
5246
2187
3299
2442
7497
6500
3311
5292
7022
9105
731
2103
4702
636
1372
9065
2255
1731
2437
3798
1497
2950
3472
2054
8728
6734
7209
810
4152
2540
6279
5928
2399
1818
7406
9339
6316
2253
9709
8033
2294
3832
8395
1356
2167
5895
5299
5738
226
3557
381
8849
5500
1911
2558
2486
2129
9610
8595
3678
152
9866
719
841
5746
639
4645
1134
233
4107
3809
9909
4814
5083
5783
9035
6747
4851
3552
4509
6871
9348
5373
2514
1306
2404
3235
6138
9624
8011
3751
4069
9257
5157
1960
425
9378
7541
9081
1817
8793
9891
5160
5051
1094
9663
294
9235
7784
3901
3665
4392
6429
2763
2187
9763
570
3145
8255
4342
395
7829
555
6920
8842
6264
8251
2785
7023
5377
6151
4270
9269
6787
8406
2349
5193
1119
8804
4460
2581
7337
4008
32
9435
2689
8641
7066
1253
2299
964
5991
9737
8493
6259
255
2627
6781
6077
2206
4604
6233
1488
2067
3721
9974
1012
3581
3391
4613
4545
2503
7389
3177
7310
1609
2708
4063
9199
6513
8994
1048
688
5610
5352
2620
8064
9287
4174
2088
9575
8448
2160
2194
565
3525
533
4478
1802
6690
7995
7704
2693
5472
2573
2979
2953
5862
1627
171
8835
2898
9444
6706
1798
6213
8028
2157
7444
8634
1027
4557
454
5148
6228
9008
243
7192
1564
8281
2417
225
8165
7576
7642
6818
6683
2753
6595
7699
4078
9640
9924
7965
7625
3446
8416
1002
6552
8387
6286
6116
7557
3571
6679
9379
5039
8545
866
4303
509
2846
4613
2151
2328
8004
6947
1178
8578
545
1752
4975
9385
3862
9133
9676
6458
4935
4534
7401
3608
7979
4259
8487
1903
5530
5946
6936
7314
3251
974
2717
6338
141
5517
7853
9841
3641
9712
6108
1370
3784
5906
4917
1377
9961
235
4261
1792
7443
5703
6187
5279
5930
6876
2835
620
3357
4680
5801
9296
8572
2347
6212
878
8997
259
8217
7017
1346
4745
685
3335
5581
5409
2217
9817
4937
3012
4056
3927
9264
1154
163
831
1485
1024
2048
5929
7145
8284
9074
8461
4820
4597
2331
337
527
307
2960
6619
1703
6207
6687
880
7885
3779
7294
8589
553
2642
9195
6557
3173
1818
3477
5365
5298
2709
1293
8982
7844
2938
3788
5351
5174
506
1562
887
2839
5698
9194
4795
6034
9427
9493
5701
5763
1680
8632
7392
8533
5415
202
9487
8718
9554
4432
5908
3213
39
758
4129
7756
1993
8770
7533
114
7990
4366
7668
1724
2040
4213
9328
3793
4756
6059
4605
5528
7955
4097
912
3384
8943
2296
4490
4752
4369
9074
7116
6365
4280
1784
1515
2712
5953
5794
5718
7155
4566
6426
8508
1767
5305
398
2502
8413
9584
7150
7101
8646
6049
1745
8878
8594
3400
321
9003
9991
9659
7443
5218
3343
1213
3037
6629
2472
3847
1552
9160
6747
624
5829
3767
4425
2406
9624
3585
76
18
4855
1606
259
3346
1643
7163
6797
8147
206
286
6325
3552
760
3902
6159
6764
7642
968
9896
2620
1965
8719
8407
473
6520
8253
4362
8669
6356
8295
2338
3442
9303
1338
712
1275
4271
5556
7005
3271
692
8850
7958
7370
4007
760
20
1480
5586
4865
1806
3788
6414
8319
1049
6149
2872
2186
8570
4889
1301
3375
8179
7492
1521
433
3068
1053
3704
4355
4049
3737
5216
3546
3392
3140
1404
1910
6725
8790
6707
7326
2723
5254
7161
5259
6779
5871
6246
6719
9159
5266
5039
2793
4734
7342
5045
7781
437
1883
3891
4684
7076
344
3813
9639
196
3405
7988
3901
3365
6056
7670
5090
1005
4413
3572
1921
7224
4355
5249
3854
248
655
2321
6913
5576
5900
4725
30
7854
8258
7641
7884
5416
7617
6673
8536
1611
7494
2318
3217
5730
9415
6361
2790
7211
5008
580
9812
906
7681
3385
8958
271
8745
9638
2889
3336
7001
7543
6425
7379
3956
7107
4676
7511
8244
4619
5235
3247
5162
364
6456
5139
7547
421
5999
2864
3767
1643
486
5975
6610
7898
1502
2693
9682
916
7497
7383
2150
3709
6229
9796
3858
3792
7977
2896
8818
4536
5798
8862
7279
485
5941
2359
3545
2699
52
6410
1858
6129
624
9880
2115
529
5895
1848
9656
7309
2107
2325
8179
1692
9157
4734
4446
5082
4696
4952
7550
7083
807
4603
8952
8659
475
6163
3007
6489
1987
3691
1394
3471
8586
9607
8062
9525
9984
6901
4856
5509
6537
8655
4699
7071
5770
1145
9900
5412
5890
1463
3404
3327
4455
608
1647
9446
3913
5005
5811
4781
4107
3971
2085
799
9768
8398
2361
764
4095
2859
321
2612
6642
9016
5206
8325
9831
4125
8155
3712
3916
5914
7815
5776
684
4420
4302
6961
1350
3269
5184
8879
4400
7887
3339
1181
2162
9935
4416
3515
1467
4018
3682
7680
7593
6027
6425
3634
4177
7161
3439
1780
4094
975
708
5067
1974
5648
4291
7459
5494
179
1790
376
7523
192
9835
4132
7017
1553
6194
9461
5176
4813
4814
9707
7030
2825
9231
4131
7110
9614
8684
2775
4895
3977
1497
3904
6775
7610
4322
870
3517
2263
6621
5061
4845
1238
2532
2352
2613
2580
1823
1850
9098
8425
4883
8903
3312
9529
4680
6562
4205
593
4147
6504
6854
9877
2591
7428
1286
7529
5968
4436
3417
5804
3976
9908
9369
6457
811
1912
5051
2093
3534
2140
433
7926
5866
4914
2445
9183
7253
6604
8957
9985
8073
675
1022
8148
5534
7104
2883
6006
838
2778
6289
6760
9423
3883
129
9172
2842
6456
6603
3835
4344
6791
5737
1192
5157
168
3774
3321
5626
4679
9643
4840
311
22
9888
5398
8716
7864
1197
746
7721
5185
8192
3086
4365
607
1697
2483
9625
1384
6646
8555
18
8480
5875
9836
3325
8126
4982
7795
6862
4970
2430
2928
6260
3357
7306
1748
8127
564
5125
479
8002
7656
1034
317
6914
4130
5790
9071
7241
5632
7597
9591
7540
8732
7385
4293
1977
4370
8988
8045
4474
377
1851
5224
331
7968
6048
7816
3702
5833
5725
2362
1866
5050
7025
4220
3133
3961
1213
1327
2205
4706
4351
4959
5088
2403
5829
9974
7589
6843
2804
9356
4958
4115
6921
8630
8317
633
7473
2157
781
3040
6822
9367
5325
2979
6728
6263
1755
3319
3435
3074
786
9571
9985
7686
6300
3727
9964
9526
4055
2447
1927
7190
5839
9613
575
1516
2266
1176
7110
4977
6604
3884
9292
8271
6913
4649
915
6864
3070
2413
5201
4882
2907
390
6527
6304
2745
1467
1056
9016
9601
4946
2482
154
2410
4627
1750
5140
121
3193
1402
1836
5452
2882
4857
3363
2318
3873
4383
7968
8077
3461
8086
5968
7845
4929
3423
3488
1291
720
131
7627
5187
7211
8074
8030
9698
2372
7568
4193
513
3518
1224
7438
1628
9707
5260
4697
2789
6291
6474
6784
7963
6619
8136
4887
4720
445
5030
7940
9114
624
4999
8429
3932
244
1176
2946
3160
5216
383
8284
675
2378
9375
5460
3924
9654
402
1882
6460
6527
8105
8317
6822
3042
8988
8002
6099
4790
8988
4850
7960
4465
3206
1305
1534
1764
5511
6275
5965
4209
4530
1199
8727
2509
3429
613
6180
7403
6381
1093
276
6744
3065
4167
4602
132
1228
4403
324
2702
630
7664
1126
3748
8073
233
4649
8854
1343
713
42
1531
1254
5828
7177
4224
4480
1983
3820
6140
7095
2171
5755
668
2297
2514
6533
127
4077
8463
1170
7835
4530
4320
345
8304
124
8451
6114
6725
6423
6301
837
3746
6096
4776
9809
7083
2420
9743
9771
4453
6013
6945
4457
9045
35
8
5481
1467
869
1941
4377
4708
8950
2098
2355
9534
5042
1451
2402
4863
9165
3879
4848
6390
6849
2001
2469
6090
7559
1960
9790
6853
4447
2755
4552
7305
109
2211
2542
3932
6607
2512
6707
268
2504
6121
9015
3907
5128
4542
2834
3309
1653
7138
1986
3432
2255
9776
698
2938
5250
5628
5419
8560
3511
2650
14
6311
8610
8657
7698
8522
429
7931
7801
145
9024
4108
9059
1158
3761
9889
5781
9308
5419
1321
1249
6097
7880
404
3289
119
2014
2276
3698
3412
3465
605
3524
9811
3795
6716
2667
1153
5898
7895
9789
5459
5568
2714
4296
6879
6916
4521
980
3678
8210
9627
1610
4576
8070
7848
3565
814
6110
5289
3324
1635
6375
2614
2741
9157
7427
4262
7446
9904
1866
9033
2546
2194
5497
9090
8563
9098
3416
4590
3333
9074
5533
9142
1965
5112
2777
160
2206
2899
2187
1667
1299
4643
2475
2314
6311
5433
9122
5023
2216
7222
1595
7839
3953
3070
4842
2421
7271
3316
6186
4670
3054
7871
8379
7142
4659
9018
5875
9441
6407
1662
6681
6765
1907
6766
8308
2427
6590
4606
9226
2577
9232
8820
9909
8375
1473
5587
8316
5181
1541
7213
6841
7212
6334
631
1706
3648
927
913
221
4063
5558
2389
3576
1714
8331
4961
7481
814
3629
4900
6272
5930
3513
2808
4016
8740
6225
8606
8244
2609
3211
7388
9328
8085
673
710
8463
3902
5730
1991
6152
1825
4278
2524
6489
8230
8665
9164
3711
9901
1334
6918
2683
8593
8588
6105
9158
9345
3759
351
8438
8701
8013
8746
1345
8581
8589
6315
5729
7335
7579
5571
8891
3216
9804
462
117
7662
691
7309
2798
8990
2482
1001
7002
3356
6811
7831
2244
4522
9981
6376
1567
4129
5806
6599
3089
2629
3362
4245
6897
5890
7975
8141
2178
8169
6907
2463
4970
9628
9438
4689
7733
9819
3174
6668
6718
6450
9939
9747
2517
3319
3006
4665
2328
5910
1302
1360
9129
3717
5990
381
2936
7458
2199
1769
4815
791
3524
1487
7232
8800
2645
8075
2364
510
6
2402
7868
2670
4476
8324
8593
7225
1348
5176
6312
25
9926
6361
7948
4091
9808
8761
83
7115
8319
3105
2398
4859
2663
9083
9845
8794
6116
96
8232
5572
2608
70
9775
1873
6338
6885
558
1856
1377
4594
8354
7597
6475
8193
5723
8348
6701
3602
7785
8724
7556
1115
1447
7900
9966
6852
6870
8915
3382
1986
7075
6788
5590
1895
9406
2306
7226
1359
8862
2902
2038
4815
4894
4046
4728
4618
8819
2709
9925
5539
5591
7012
1071
3855
5869
8460
4605
2486
3735
8923
6153
3938
2360
3551
2526
2591
1259
6634
4810
427
8440
6065
1654
5560
9671
148
3621
4723
44
6809
310
7092
2328
2742
9577
4427
214
5668
393
154
699
1952
598
5522
5079
7761
8012
7907
2888
3257
101
9595
4941
8677
5745
2706
8999
3371
8582
4029
9432
314
4076
1607
1786
9196
5681
9000
6678
7500
9306
3291
638
5446
2294
2719
2046
9427
6118
7943
4642
2134
4556
8859
926
9538
4321
319
8985
1647
4583
3264
2149
4166
4647
9082
6488
4268
964
4176
8897
6690
5245
4033
154
798
6254
519
4012
829
7731
4135
5389
921
1722
7581
666
6538
1716
3849
4136
4756
9423
2394
744
6869
3448
4529
2457
4885
7957
6956
4931
7717
3868
31
5247
7187
923
9211
4938
5552
3661
7392
2111
1293
9019
6110
8564
3885
8647
4052
392
5045
5945
8130
1561
1557
1433
1657
2222
7287
3321
8247
8799
1645
3067
6379
2828
3388
4997
9599
1207
7865
5894
1131
9971
8237
5973
2632
6249
8781
3651
4243
7651
2628
6009
9399
7728
6022
7844
7642
7226
9854
5354
1608
9081
5762
8153
9954
5771
9187
4334
5517
4
69
6841
1062
9148
8885
9183
4562
196
6501
837
5958
3258
2085
805
3736
6045
4574
9428
1799
2781
6921
617
1166
8259
9368
7415
397
380
9185
1127
4745
7853
4288
4004
3057
4637
6324
9882
939
9880
2514
9519
7530
2483
6166
4451
7516
6904
9692
4764
2179
8802
2700
5292
6262
8699
4749
482
7325
5535
7903
3778
4699
683
4861
8005
6381
2536
5864
2308
8132
7087
488
6179
7585
5942
779
6701
5077
8015
1145
5256
5658
3757
5335
8087
8293
1429
7722
45
46
9487
7180
1136
899
3575
6063
7650
3152
9522
1317
2919
2351
9746
9974
6456
5058
7962
318
6280
6626
1362
6551
4557
9076
4714
5784
6799
2948
7491
5569
9106
5668
1732
9488
375
1948
1627
6699
234
3188
836
8784
479
2033
5757
5108
699
2385
655
9277
2107
3406
9090
943
528
9997
9759
6840
4416
1492
7537
7429
7100
2582
8456
9944
7570
2372
3554
8531
5049
5039
2836
8115
5928
7922
3336
9276
5483
9092
1538
7784
8969
4368
7095
5823
5526
8871
3398
650
4478
7663
7744
3669
8826
6576
2077
9708
3174
5489
9662
42
5805
5252
6334
1223
7921
6914
727
1326
6073
1502
2058
4048
8554
7401
1481
5015
7313
2434
9789
9604
5156
9485
3624
1420
7089
4864
8500
449
1428
3704
8426
2953
2380
2237
4820
4645
6535
7817
2732
1950
5013
8921
4124
9377
8029
4175
1720
5487
7214
5897
4652
8024
2065
5916
317
5208
939
3540
6129
6881
7801
4867
7120
2178
7649
4051
2296
9263
3761
9737
2724
4012
8986
553
8656
8330
6439
5729
4117
3599
4408
5127
9956
8239
1919
455
6131
1137
3651
2161
4151
2316
9991
2038
5669
948
1598
344
2683
1447
4934
3017
1808
501
3183
8305
4582
6145
158
2977
5170
3866
9160
1336
6640
1680
3856
3996
854
9381
6786
2036
4547
479
661
5105
2083
6046
6390
36
1526
4020
6606
3297
8497
2597
7344
159
8985
2341
7428
7972
3165
3237
6086
4445
7741
5671
6935
7872
7395
4956
7039
136
3346
8710
1013
5320
7265
2269
2559
896
6929
4801
7633
6353
2636
190
6987
8913
9594
3351
8342
684
1258
7513
6087
1336
4198
3768
10000
3844
1969
2956
6160
7332
260
6146
2087
9698
3576
9460
1223
6429
5631
1493
8064
2438
9431
6174
9504
8659
6672
2964
2924
1209
1294
507
604
1163
2756
1178
3661
7446
8313
4098
2882
2448
8539
4018
4687
1424
5475
9638
2546
2043
1279
3851
6954
9560
9888
8265
2071
1895
295
7079
3088
8278
1403
7102
5559
1824
6889
3024
8934
9008
5982
2725
7980
8237
1966
9955
9305
1344
4714
766
9706
150
3295
3590
8492
8473
8591
4872
9622
9866
8143
7568
4025
1300
4439
9110
9470
2394
1270
6752
4248
2953
4429
5713
4052
1951
5767
6726
4273
8784
2749
5520
6027
5847
4266
7683
5353
3930
3486
2159
7106
8621
6457
8324
5166
1172
3918
1046
85
7165
653
9981
1190
2475
9237
5672
6938
9446
5694
6017
7533
9188
5970
8353
3449
4651
7376
3093
936
7741
6185
6104
5099
194
1255
679
3939
1374
609
7858
2775
4340
2195
4845
916
9565
6030
2249
1875
8762
3604
7291
1715
7372
2029
3509
3073
497
1325
8239
6895
2850
4702
9376
2658
6396
5181
6500
1207
7396
6563
4440
7303
7596
5509
9191
45
5355
3216
7465
1034
3147
4341
7045
1606
6816
7372
6222
8015
1620
238
5799
6779
5266
9326
4549
7152
5316
7147
2701
887
9187
6848
2813
1490
1571
1136
3431
4991
1485
4892
2046
6223
4843
2480
4222
2802
8062
6352
3616
451
2805
7217
7848
4035
9638
1799
9536
393
3094
1648
9222
1632
1675
507
695
4633
6692
7655
8790
6968
1760
2189
6419
5086
1781
6580
1938
2232
5740
1720
1597
1547
7593
5460
5419
8782
8946
3964
2712
6821
4966
9483
5492
8077
2856
2740
614
7434
3085
8141
9344
321
1585
3313
4486
3250
4910
2903
3819
643
6289
7606
4993
9386
5491
6144
2004
7127
8468
6740
5760
2850
9235
4892
6
2023
4146
2365
8216
5217
3549
8874
4786
1151
3745
2037
6078
1849
8633
8242
1335
8305
8399
1064
9933
6587
1331
1050
7450
6417
6763
2213
5642
4120
6673
5940
2147
6789
966
3492
4301
5433
1133
1657
8834
338
1554
2230
5561
3699
2677
9919
7491
4069
3788
2357
4705
8984
8986
731
517
9042
4011
7475
3220
671
7346
2703
1894
5652
4403
4275
8189
8868
2689
7536
9953
5672
4908
2566
863
9761
5267
8132
3791
3900
7350
7656
27
1570
436
1932
9388
6206
872
9988
7309
5131
1817
1902
1399
6937
615
9087
6240
5699
9807
2333
1607
7975
3223
1124
9999
6329
4959
4448
3710
8509
2556
2731
7198
4027
1490
3083
8209
745
4300
6201
8217
1421
7334
4119
6465
3780
7413
5983
4742
4546
1925
719
538
9368
6899
1429
2776
8261
617
450
7212
7376
2159
7221
256
3928
9629
3610
9337
3376
7569
69
165
2265
1594
3891
822
2417
6283
8754
4313
6160
6903
2847
7922
1386
6740
4599
5484
3243
3564
7023
739
5899
7482
5671
8303
6993
8638
6671
4532
5953
582
9922
4892
7857
5049
7714
6129
7979
7598
6438
7435
9469
6113
9830
5207
8536
8689
4213
4999
5207
3175
6576
1076
6933
5358
7724
6005
7980
2517
3372
1634
6879
141
8256
1566
9416
774
3010
2331
1166
5894
326
3565
653
3767
6243
772
456
1321
1060
4410
439
4643
1817
8557
4615
7830
2313
6001
3259
3604
2624
313
1791
671
6137
3312
6669
6574
8360
7988
4529
5981
7843
2460
771
4137
5267
9502
7159
5747
2676
6075
9456
166
3719
6783
5147
7882
7433
391
3444
6695
2782
5673
7780
7336
9174
1352
5955
9995
1167
8862
5508
3509
5527
4601
3026
6424
3603
1263
5477
8222
8221
1973
2833
4942
1105
9230
1314
9588
7093
6160
68
1524
3444
9689
5171
5432
1846
1245
2093
4345
8832
4941
8785
1661
974
912
7505
2558
9953
3132
2103
4962
6060
7404
1139
3350
6719
2011
2221
2709
3664
3076
3663
8050
3611
1749
1847
4350
8018
4535
8999
4662
9734
2525
6914
124
4690
6760
10000
3527
1145
5431
2513
6232
9985
4435
2810
862
475
2155
3063
6369
5737
5920
49
116
4334
6456
5230
8600
8093
9557
9923
5972
4376
9345
7849
1314
7659
6159
1219
8326
919
4280
9311
7760
2838
8672
3729
5402
7619
9495
3669
3671
5036
7351
1871
3201
3660
7525
5900
2154
3009
743
5664
4169
4713
8970
843
3963
821
8026
8100
6950
5235
4792
3125
6653
9231
7694
5524
2929
4660
324
6200
7669
5229
1068
1341
1615
397
5856
1081
3350
2025
8887
2925
7556
7209
3810
2680
7767
9753
6372
7305
921
5789
5864
9312
2843
3088
2945
9222
8032
7249
7497
1359
1520
168
5611
1643
1915
4174
4020
1793
6267
3047
4170
2904
6713
5307
7834
835
488
9646
1462
8920
7548
3526
530
6066
4224
7965
5920
2077
3792
416
4987
928
2749
6345
4446
8339
7954
4027
1758
1619
5408
7193
9969
8828
6564
1851
3418
2891
9309
2520
5026
9977
9241
3799
5218
8252
355
6330
850
2651
9045
1058
4818
2922
8094
4029
7481
528
6792
7995
3312
4433
1726
5391
5351
8048
7897
3585
9325
2353
1116
9615
3413
279
7705
420
7807
8704
8590
1947
4512
7862
5528
6572
9295
3127
1381
1229
7387
8948
4795
2104
838
6941
3924
463
8402
7862
5860
3516
7011
3363
2540
1290
8824
1583
3603
1144
7459
3107
9433
2343
3534
4084
7969
5799
1393
3411
8033
4141
6920
5446
5433
2706
7295
1120
3917
7561
4441
9677
2511
3124
4768
201
4595
2803
5089
4462
161
7323
8215
8955
9572
1017
1645
3929
8949
211
1205
6014
7565
2932
7381
1384
7100
8419
2888
2101
9983
1519
250
7775
6115
5454
1494
966
2865
8565
4545
7775
8361
160
2486
6138
1473
3246
9419
9526
2963
6234
4965
7996
8938
9948
2398
7801
3441
6581
6350
5777
9395
5428
5815
9440
2391
2409
9619
6753
8042
797
1354
9096
9701
6607
9056
842
669
7899
4639
849
3553
8145
862
704
67
7439
237
1448
3734
4156
9480
7474
7951
9203
656
2017
6933
5680
5207
5783
23
1698
3441
8915
1035
9491
3443
6011
4370
2390
1917
4241
6277
5619
6251
7676
2346
6659
1240
3225
6671
5051
6771
4736
4546
8573
8778
3593
2418
4230
4829
3884
6442
1248
8893
3015
2122
2686
3806
2804
6331
2217
3786
2481
3783
759
8039
7421
5575
6696
5681
4623
2172
9985
5238
5846
7809
6270
8951
138
2467
1709
8843
2510
6422
7768
439
1580
7093
8753
5734
1485
1401
5637
8394
5649
1272
1762
5581
7907
9002
749
5773
5237
1013
4670
8987
6610
5171
9787
5366
8484
2535
5268
9628
906
4034
8196
7816
9384
2184
3005
3563
3520
2486
3753
3052
7259
8158
2953
698
6870
4644
4422
2343
7004
8135
8467
9256
3746
8744
3391
4196
3771
6278
3219
1145
1647
9724
1038
531
2763
6825
3417
1008
5534
5767
9098
3396
3578
998
5977
9507
702
4885
2403
6209
701
1477
6508
1610
183
2345
8636
888
3364
8224
2166
3130
9260
7054
2081
7074
9910
7113
9186
1747
1185
2021
5232
55
6974
516
3956
1931
9126
2983
429
5311
5813
1630
4611
2290
1155
4816
9798
6551
1764
7815
2244
8132
4340
8363
7719
1220
79
9817
5770
1814
2757
7172
5980
3875
9667
8321
5022
1397
7034
3582
6678
2846
1137
4265
7438
1960
1209
8071
3363
6535
3466
9393
7883
640
2868
875
4086
6106
4576
863
7856
848
5965
6604
8254
1885
433
4649
1940
6443
8510
9476
4872
4931
3834
3050
6036
8569
8041
8425
9051
4591
2532
88
2589
7478
5900
4751
4489
7703
8264
7842
9455
3769
7306
268
9435
9395
9885
5049
2003
3758
4984
9466
5341
9830
9609
1195
9555
7521
421
169
9977
5874
7387
8741
5795
2239
867
4498
8642
9467
3191
1332
9286
8120
493
1467
8013
7613
8719
1001
6301
8368
2509
741
6241
167
7636
1446
1016
7672
313
4894
1130
3715
5731
1820
5483
6548
1641
8674
6368
6862
95
6402
6407
2242
1751
8505
4616
5412
6587
4282
5465
1307
4830
1550
5993
2804
9314
6484
2098
2542
7135
3266
5655
7498
2646
5348
9220
9677
4232
7567
2696
3348
6301
1214
7837
9034
6879
809
3523
1390
4664
2954
8452
877
502
7878
2397
4027
3895
2483
4233
7038
4811
1550
1928
5144
2928
1581
5141
2866
5
3102
129
7780
6077
1055
1495
7852
5784
5224
9491
4246
5397
2037
8581
8544
1983
1301
1569
4664
6508
2249
8068
1797
796
8935
6679
1319
6143
1578
2627
8558
7106
1278
1680
5421
1120
8818
242
6717
9464
9943
3102
1136
8577
8899
9776
1967
9735
9953
5373
6427
7148
7251
8884
4682
7885
6709
8585
3062
34
7436
7453
8705
7000
2673
8118
3636
1314
7732
3253
8140
9207
2143
9872
5311
3521
3343
3888
8718
8348
4726
8103
7259
3299
6837
470
3106
5962
7687
5553
6172
2160
5816
8719
893
1306
9012
1920
9700
3958
4860
4485
3366
6972
2267
8843
9167
1159
795
2806
5158
2962
4909
8157
4689
6129
5976
4317
8143
839
9880
6060
6772
6803
7375
3518
8928
7382
7664
3743
3443
9655
9350
4204
708
6088
545
4621
7908
6777
9259
5603
7729
3895
756
9754
883
3312
4476
3900
9187
3132
2735
2093
7999
6263
450
9517
1889
4923
4261
6208
3467
2964
4398
8862
7062
8923
7570
5725
9201
2917
8721
8543
9071
8810
9680
7909
8664
2500
8782
9346
3791
3138
1349
9000
8624
3751
6969
1178
7329
872
1288
8704
3717
7655
567
3488
7066
1792
797
4408
9005
7672
3848
9094
3042
3997
6625
4467
5589
664
1516
8167
4170
1313
8869
4852
6752
9045
6778
3789
793
2744
5513
8023
6009
9305
8799
8349
2489
5039
6579
4256
5755
7283
892
6209
6550
9575
3095
1848
9332
4952
7812
8454
7356
6357
3995
1419
1996
8655
6826
1337
953
2015
1775
9562
3066
9896
583
5331
5701
5239
3319
4125
4907
4096
712
3148
3173
7101
8691
2011
1741
9682
9057
27
6495
8716
1510
9864
2427
4673
5666
9823
2282
8400
3932
9559
2865
2230
7858
1469
4112
1000
2114
1927
6239
8813
502
5426
2444
8526
9979
7055
1051
9594
9917
2285
8719
8753
3060
2401
614
8577
9013
5469
1979
3585
9604
7418
7403
5874
1141
2853
5185
9176
6759
4262
7380
986
5270
8210
7397
1033
8989
8437
6466
8849
9059
7214
1290
5472
90
1925
7446
6327
5614
3438
5647
915
3542
9281
4124
8645
3547
401
8980
1110
5681
8980
4337
649
1601
2097
2498
7876
3678
2275
3144
6197
5206
608
3620
1261
3051
2356
8250
8856
6374
7564
4343
451
3848
8520
9093
3836
3578
3052
3579
8194
5092
3745
9512
1784
2261
4878
1424
1359
8323
3261
6642
9053
7513
3881
4734
4295
9074
2960
779
5990
7882
8547
1996
246
3752
7182
7529
5895
6920
4968
6539
3154
725
2055
1170
5694
8496
5564
7095
3532
9562
8760
2563
680
6285
3975
658
1739
6965
4690
5662
5767
2642
6378
5344
3059
9616
1920
173
1076
8073
6260
3243
2191
5016
8399
9779
1969
5089
3068
1612
6088
9306
9395
6340
1826
2852
9920
5315
2580
4784
3161
5119
5160
9634
5087
7610
2824
221
2041
8330
2731
3517
5292
9728
5102
9377
8435
1627
6822
6826
3518
6313
871
9769
4438
9951
9928
8594
3472
7746
8385
3342
9963
7596
7468
1259
1168
9082
8796
9247
3457
9352
5049
5391
9627
8858
7317
9358
466
1534
3616
6395
914
2436
9525
607
1457
7416
6370
7777
4394
4613
3079
7450
3229
166
744
8645
8158
8588
4775
8101
163
633
317
7697
8909
2794
1443
9781
9180
91
7041
8290
3155
191
8050
6556
4225
2115
1256
8125
5649
4523
6272
5853
1222
6443
9996
1725
4830
8316
47
9183
4929
1605
5792
1051
5220
5514
4248
4792
2597
767
4892
9111
9069
536
1659
6653
2723
4112
4138
5380
346
3675
8108
6762
4114
8543
3902
6363
1587
549
4213
4572
1926
6150
1890
3753
3196
6188
201
785
5913
9088
6124
9445
5831
8901
5271
182
5172
7236
9733
9206
5886
3058
4104
5999
4044
2021
3604
1026
212
2302
2601
798
679
1841
3377
5342
2289
6408
541
4490
6845
6442
5188
9273
7092
2039
6975
2232
8888
9931
9266
6621
891
3317
7141
3848
6697
7333
2159
2412
296
165
2917
2771
7012
4657
4565
2161
331
1795
7720
8518
976
9310
3925
3686
5612
9328
5538
441
2218
8501
8240
7254
1838
7017
4096
7691
4505
6578
2270
2462
2796
5782
6841
1127
969
1681
3664
8292
3601
229
2028
3031
6234
1916
2540
8462
5819
796
9684
27
4214
6665
8448
8806
5071
6382
2038
4980
244
4173
3906
4754
8033
5337
9882
478
2474
966
3534
6468
9928
2391
775
1198
3299
2398
2264
8297
263
3040
1525
9856
9088
3057
3946
5535
7819
2491
2520
3741
7722
454
8573
661
6210
3728
7200
1573
9001
8476
6474
4544
928
9267
2203
3001
5256
1578
1606
3787
900
9737
5959
2167
1167
836
2697
2921
4247
7358
3006
5222
3521
1654
791
3557
5236
9161
1329
2640
6010
7917
5803
2685
3058
6906
2105
2317
8575
9587
9619
8620
960
9440
9596
6736
5833
5123
6983
9290
9659
1921
8103
8944
8837
9129
3098
9852
1137
7272
9165
7021
9390
5730
6252
7213
3436
9497
6336
3774
8059
5558
1163
9022
4739
9500
4320
117
9107
9372
9442
5022
6325
8685
2685
6832
8136
3995
3563
5768
1506
4399
9052
6870
477
8517
3330
8790
9587
7448
2110
3217
3879
7591
2246
2759
738
9409
6122
6908
4081
3872
7785
8144
5928
9695
308
2616
7938
3832
726
9692
2785
6579
3544
7121
9450
9845
5493
6910
3092
8766
2473
1286
7829
9855
5365
6304
9860
1540
4689
885
1623
5749
2752
2193
362
2945
2589
1021
6866
9426
84
9917
2205
3433
4630
7089
7403
3415
310
7195
3988
6614
5822
959
6940
8140
553
6538
8009
7423
8105
8222
6900
6648
5773
4150
2545
8273
8391
736
2194
3164
3263
7348
9465
2172
7038
2880
3097
4193
237
2021
1487
9080
441
4851
5477
6762
9806
564
954
7197
6039
7647
4656
1242
7547
7561
6766
391
5322
5919
2526
3707
9168
1545
1731
48
7731
700
5459
5003
6039
9132
2220
2630
9858
3711
2611
6192
8779
9343
8075
1567
3426
3942
7469
3149
7132
7796
9648
130
8466
6134
4448
1151
8233
9066
620
5489
686
7495
412
3465
4397
6027
8104
9353
6888
8402
6018
2005
7506
8639
8100
3019
3087
8513
9166
304
8580
1922
6780
183
1322
46
9467
6918
3888
4785
4657
8967
7642
8292
1193
4710
9343
495
2182
9186
5706
3771
5237
1958
5648
3496
772
4447
7880
6836
8343
1413
987
5425
8523
181
6521
4835
7479
1521
4718
777
5017
911
7859
1828
9396
580
6645
1097
4010
3101
3619
9954
3605
9943
7073
515
167
2744
3372
8887
9687
3191
5055
7402
83
4124
3561
2471
7675
4937
1865
3998
6533
855
3619
3574
6099
6863
7589
2499
5743
724
3459
822
2068
7629
2909
9309
4505
6495
6760
856
746
2240
1382
1040
3265
7682
5539
2240
131
6578
3336
7675
1042
2853
8631
4705
5321
6933
8928
8530
3814
4060
7714
3197
2792
8708
7526
4851
6220
1317
689
4441
8181
1806
773
1714
4246
7437
2891
6542
4345
2038
9254
8144
7654
5467
2306
9297
6020
8268
3081
7521
9910
1645
7318
9270
4117
4693
9288
1579
8168
9441
3939
9777
9946
4490
3814
1615
6968
4204
8032
8787
9980
5610
3116
9919
9860
1479
6274
5066
5016
9030
5421
4328
9226
2254
9339
3349
7375
1351
4334
276
6905
1586
9855
2022
6368
6337
8297
3629
8925
8731
2788
3879
4386
9385
778
8101
2420
1116
5759
6717
8154
9184
3475
2189
5051
8208
19
2292
4570
4102
3724
3403
3209
1093
5517
7388
158
4667
4422
1444
6303
9725
4404
6184
3159
9865
6258
9409
1852
4776
6075
5642
8580
1854
1621
1470
580
8458
4425
5056
4405
1237
1488
4255
5232
5024
5137
9744
607
4501
9973
1179
4646
662
5778
6408
3495
3373
7578
8007
8541
6300
8957
8643
9605
1749
1936
4735
6175
5268
9383
9440
5691
8009
9327
2647
6729
3342
7555
4156
3524
4143
9013
6502
3655
5768
9000
4092
7664
9331
3001
1465
9272
5529
5803
6254
9356
9276
3732
7115
3811
9290
7246
2747
8402
5414
2039
4366
3293
8914
4649
8807
3190
8954
2672
2207
3424
6974
5785
9159
1165
7904
3418
6795
8741
3820
1364
2458
7586
6940
495
7264
1325
4209
36
9758
9163
1082
701
5991
5094
7524
4641
7558
8184
7464
5763
2850
7579
2989
8133
1150
6753
690
7638
3047
805
978
6177
8408
1205
546
4335
5227
8538
3219
1325
5174
9416
278
2039
5707
3718
8923
4850
8440
2470
8972
8114
407
4632
8797
1281
5694
4331
4842
1115
879
5013
6603
7526
5533
6328
7508
4549
3003
3757
4180
3552
4009
8475
4554
9951
2953
203
6533
2650
7917
6895
1023
6115
5336
3860
2796
154
2660
7729
5431
2754
8010
6345
2866
322
7965
7112
6172
8897
8710
9026
9399
3253
55
381
7265
5781
3164
7641
1906
9441
375
8511
5634
8162
6042
1351
7364
9039
58
8531
7388
8416
99
8962
7280
7719
8209
4229
3243
5629
4022
8596
4490
9662
8245
320
1018
8334
6587
6511
738
8830
9774
6515
1026
6577
5513
4253
3619
3179
8375
5788
6213
3014
1744
6373
1731
7598
1300
9362
3695
6314
6906
2004
5376
2904
7292
4985
587
9755
5000
3236
8755
1899
3852
5792
4998
3485
8419
3232
5116
6693
2266
592
2647
1800
6616
8462
3548
5507
3994
9223
20
6187
6156
6564
4361
787
1358
703
9254
9178
644
3792
1280
9604
619
8227
9182
1510
5653
7174
2776
2236
8568
6266
8037
3790
3983
7334
9333
8835
7049
866
7835
5553
2810
5784
109
7060
2638
7011
3808
6239
8026
2407
2946
8354
7055
3880
8213
9270
885
7207
4824
4542
5999
115
415
3848
5129
6434
5677
5574
9088
5016
8652
9169
1290
1984
3859
1176
5709
3260
109
488
4507
6018
2545
1838
4573
4872
1532
5568
5445
5593
3918
5767
1536
8307
407
8564
8372
318
8208
6312
1557
4345
1592
3604
6504
2630
1068
6382
8033
5197
8874
4622
1681
9298
8994
8772
5148
2597
1434
7643
1756
8338
917
923
7936
1150
3914
8776
620
7141
7682
8871
1812
6725
3522
458
3093
6325
4131
3984
2076
3675
7536
1508
524
1095
3197
1829
3942
5214
9510
9855
3588
5080
167
8479
4596
2102
8261
5675
6055
35
5691
4413
1934
4042
8815
906
911
1978
100
9278
7552
2610
9843
4120
1636
8407
5990
6766
2309
7326
2198
8865
3740
5042
4226
523
1690
7976
6404
2764
1327
2679
8780
2354
6738
4198
5026
3896
2602
21
6236
298
1267
8479
6589
8081
4553
7173
9420
4756
4436
6988
9830
1491
7861
603
4519
5938
5451
4525
9600
4383
2381
5544
8713
4183
3970
9860
2257
9437
8236
449
7858
9551
9054
7216
3741
3911
8440
8133
9745
1763
4856
8408
3171
7983
4315
182
5117
5109
8064
3651
317
9142
6418
5308
2064
5503
13
4083
2297
8049
5378
761
2352
3220
6708
837
6142
8002
8374
9428
4498
1068
4595
3917
6393
2874
7684
6582
9489
6717
2747
9957
6579
3432
4977
726
5920
1
4550
3418
716
6462
6572
746
1810
306
4131
8993
8200
1545
6418
4321
3479
2552
5181
6760
6876
2890
7918
3272
2135
9055
5638
980
8728
6315
1183
7239
8923
5875
4237
6256
4322
4560
2385
602
4749
2468
8632
6906
2436
5956
1196
8683
6117
3881
3378
4020
9542
110
5861
3539
1988
3099
9083
8857
8046
3413
6158
866
4668
4333
8208
1439
1749
5030
9738
737
799
6067
7889
1391
4739
216
5764
7114
7229
28
7086
173
9944
4827
7282
9468
559
172
1952
3595
2600
1267
3334
8136
3546
6631
3838
8176
4428
3241
2145
2241
6356
1888
4795
7348
1015
6009
236
6147
1200
9825
4227
9444
925
1278
6441
5537
2286
9032
6055
9858
2649
4911
8734
3956
7534
8022
7955
3540
7141
2380
6734
5403
2850
5242
370
8122
4706
5181
2486
5776
181
1201
2104
1519
6092
2638
4126
3991
4496
1995
281
3938
399
5795
3513
3831
9005
7692
4792
5699
2658
1072
8883
5424
4922
959
6548
4070
5280
2029
1305
5439
2843
2091
4644
5457
1306
1908
7387
7859
7603
9451
9875
2096
966
3930
122
2660
5458
7603
7347
5828
6016
6499
9548
8249
3510
9240
5789
7453
1162
2448
6670
8744
6304
3677
8516
5344
7863
4444
3668
4011
9458
5678
